num_people_enrolled,total_class_size,class_number,term
469,470,5J,FALL 2016
202,301,5P,FALL 2016
314,380,10,FALL 2016
56,120,11,FALL 2016
355,380,12A,FALL 2016
357,379,12B,FALL 2016
110,120,17,FALL 2016
226,225,101,FALL 2016
101,160,101,FALL 2016
145,144,104A,FALL 2016
79,90,109,FALL 2016
39,50,111,FALL 2016
140,144,112,FALL 2016
91,90,115,FALL 2016
102,90,115,FALL 2016
0,0,142,FALL 2016
48,50,160,FALL 2016
83,0,165,FALL 2016
64,75,166A,FALL 2016
85,85,180,FALL 2016
201,170,183,FALL 2016
95,150,200,FALL 2016
130,138,201,FALL 2016
42,57,232,FALL 2016
76,0,242,FALL 2016
7,30,253,FALL 2016
4,10,280D,FALL 2016
15,15,280M,FALL 2016
14,15,280S,FALL 2016
10,15,280S,FALL 2016
468,472,5J,FALL 2017
208,220,5P,FALL 2017
251,350,10,FALL 2017
112,350,11,FALL 2017
353,0,12A,FALL 2017
196,205,12B,FALL 2017
186,218,12B,FALL 2017
426,414,101,FALL 2017
426,414,101,FALL 2017
50,220,102,FALL 2017
136,220,104A,FALL 2017
125,120,109,FALL 2017
157,160,111,FALL 2017
232,249,112,FALL 2017
135,135,115,FALL 2017
115,114,115,FALL 2017
117,120,121,FALL 2017
79,80,128,FALL 2017
142,144,130,FALL 2017
37,60,160,FALL 2017
64,75,166A,FALL 2017
119,120,180,FALL 2017
48,50,185,FALL 2017
29,45,200,FALL 2017
101,100,201,FALL 2017
12,30,223,FALL 2017
56,100,242,FALL 2017
46,50,250,FALL 2017
7,10,250,FALL 2017
8,25,253,FALL 2017
15,20,260,FALL 2017
16,30,266A,FALL 2017
0,5,266A,FALL 2017
0,5,266C,FALL 2017
0,0,266C,FALL 2017
4,15,280D,FALL 2017
7,15,280M,FALL 2017
8,15,280M,FALL 2017
10,20,280S,FALL 2017
0,0,290C,FALL 2017
470,450,5J,FALL 2018
0,0,5P,FALL 2018
309,298,12A,FALL 2018
189,215,12B,FALL 2018
203,219,12B,FALL 2018
222,220,101,FALL 2018
229,219,101,FALL 2018
200,199,102,FALL 2018
31,220,104A,FALL 2018
127,145,109,FALL 2018
105,124,111,FALL 2018
47,120,111,FALL 2018
210,249,112,FALL 2018
131,120,115,FALL 2018
138,120,115,FALL 2018
114,120,121,FALL 2018
86,100,128,FALL 2018
150,150,130,FALL 2018
68,60,142,FALL 2018
73,70,160,FALL 2018
53,55,166A,FALL 2018
118,120,180,FALL 2018
130,120,183,FALL 2018
51,50,185,FALL 2018
54,60,200,FALL 2018
103,114,201,FALL 2018
18,30,217,FALL 2018
4,30,223,FALL 2018
72,114,242,FALL 2018
16,25,260,FALL 2018
0,35,266A,FALL 2018
7,35,278,FALL 2018
5,15,280D,FALL 2018
4,10,280L,FALL 2018
0,0,280M,FALL 2018
7,15,280S,FALL 2018
6,24,290S,FALL 2018
200,400,3,FALL 2019
363,445,12,FALL 2019
72,150,13E,FALL 2019
99,300,13S,FALL 2019
160,400,16,FALL 2019
198,300,30,FALL 2019
139,300,30,FALL 2019
61,100,50,FALL 2019
24,50,50,FALL 2019
149,150,58,FALL 2019
25,100,80C,FALL 2019
40,200,80N,FALL 2019
248,299,101,FALL 2019
3,60,104,FALL 2019
217,300,107,FALL 2019
64,100,110A,FALL 2019
6,10,117,FALL 2019
0,60,123A,FALL 2019
52,80,132,FALL 2019
85,90,146,FALL 2019
111,114,150,FALL 2019
25,75,156,FALL 2019
20,56,166B,FALL 2019
18,20,173,FALL 2019
18,40,174,FALL 2019
59,75,201,FALL 2019
20,56,209,FALL 2019
4,50,210B,FALL 2019
2,50,215,FALL 2019
39,50,226,FALL 2019
15,50,231,FALL 2019
72,80,240,FALL 2019
12,40,253,FALL 2019
0,145,270B,FALL 2019
0,10,280D,FALL 2019
1,10,280G,FALL 2019
0,10,280J,FALL 2019
0,10,280M,FALL 2019
0,10,280M,FALL 2019
0,10,280M,FALL 2019
0,10,280N,FALL 2019
0,10,280N,FALL 2019
2,10,280O,FALL 2019
3,10,280P,FALL 2019
0,10,280S,FALL 2019
0,25,280S,FALL 2019
0,10,280V,FALL 2019
0,10,280X,FALL 2019
0,10,280Z,FALL 2019
10,15,293,FALL 2019
208,207,5J,SPRING 2016
0,0,5P,SPRING 2016
59,150,10,SPRING 2016
192,210,11,SPRING 2016
139,165,12A,SPRING 2016
432,412,12B,SPRING 2016
115,144,17,SPRING 2016
226,224,101,SPRING 2016
166,172,102,SPRING 2016
68,75,104A,SPRING 2016
89,100,109,SPRING 2016
137,0,111,SPRING 2016
67,78,115,SPRING 2016
43,47,117,SPRING 2016
60,75,128,SPRING 2016
207,211,130,SPRING 2016
30,30,143,SPRING 2016
76,129,160,SPRING 2016
56,0,165,SPRING 2016
23,30,181,SPRING 2016
22,50,203,SPRING 2016
5,25,217,SPRING 2016
19,35,218,SPRING 2016
9,35,229,SPRING 2016
36,40,276,SPRING 2016
0,0,280A,SPRING 2016
8,20,280M,SPRING 2016
14,15,280S,SPRING 2016
13,10,280S,SPRING 2016
9,15,290H,SPRING 2016
9,15,290Q,SPRING 2016
238,230,5J,SPRING 2017
327,380,5P,SPRING 2017
153,175,10,SPRING 2017
246,380,11,SPRING 2017
336,382,12B,SPRING 2017
164,207,101,SPRING 2017
204,207,102,SPRING 2017
176,185,104A,SPRING 2017
0,0,109,SPRING 2017
109,120,111,SPRING 2017
185,195,112,SPRING 2017
111,105,115,SPRING 2017
65,0,117,SPRING 2017
256,268,121,SPRING 2017
31,35,122,SPRING 2017
235,0,130,SPRING 2017
58,64,142,SPRING 2017
60,70,143,SPRING 2017
48,65,181,SPRING 2017
91,90,182,SPRING 2017
26,45,203,SPRING 2017
23,45,211,SPRING 2017
16,45,229,SPRING 2017
1,10,229,SPRING 2017
6,10,280A,SPRING 2017
0,0,280D,SPRING 2017
0,0,280D,SPRING 2017
6,15,280M,SPRING 2017
10,15,280M,SPRING 2017
11,15,280S,SPRING 2017
9,15,280S,SPRING 2017
12,20,290A,SPRING 2017
23,35,290C,SPRING 2017
353,350,5J,SPRING 2018
111,350,11,SPRING 2018
175,178,12A,SPRING 2018
204,221,12B,SPRING 2018
254,300,12B,SPRING 2018
219,207,101,SPRING 2018
122,207,101,SPRING 2018
300,300,102,SPRING 2018
35,200,104A,SPRING 2018
146,175,109,SPRING 2018
178,200,111,SPRING 2018
192,250,112,SPRING 2018
102,110,115,SPRING 2018
96,115,117,SPRING 2018
194,200,121,SPRING 2018
184,180,130,SPRING 2018
4,50,132,SPRING 2018
3,50,132W,SPRING 2018
56,80,140,SPRING 2018
58,60,142,SPRING 2018
31,50,143,SPRING 2018
54,70,160,SPRING 2018
60,0,165,SPRING 2018
39,60,181,SPRING 2018
122,120,182,SPRING 2018
246,240,183,SPRING 2018
33,35,203,SPRING 2018
15,30,232,SPRING 2018
10,25,236,SPRING 2018
0,25,240,SPRING 2018
37,64,242,SPRING 2018
3,20,261,SPRING 2018
12,20,277,SPRING 2018
6,15,280D,SPRING 2018
5,15,280L,SPRING 2018
5,15,280M,SPRING 2018
6,20,280S,SPRING 2018
9,0,280Z,SPRING 2018
11,25,290C,SPRING 2018
6,30,290P,SPRING 2018
378,0,3,SPRING 2019
423,450,12,SPRING 2019
49,300,13S,SPRING 2019
296,315,15,SPRING 2019
262,0,16,SPRING 2019
295,300,20,SPRING 2019
182,175,20,SPRING 2019
166,400,30,SPRING 2019
144,150,50,SPRING 2019
174,200,80A,SPRING 2019
147,175,80N,SPRING 2019
87,0,100,SPRING 2019
453,460,101,SPRING 2019
56,200,102,SPRING 2019
164,172,103,SPRING 2019
24,100,110A,SPRING 2019
167,200,111,SPRING 2019
191,207,112,SPRING 2019
121,100,115A,SPRING 2019
121,100,115A,SPRING 2019
84,100,116,SPRING 2019
97,100,118,SPRING 2019
255,260,120,SPRING 2019
48,50,121,SPRING 2019
201,200,130,SPRING 2019
160,200,130,SPRING 2019
93,100,138,SPRING 2019
91,90,140,SPRING 2019
93,100,142,SPRING 2019
39,40,143,SPRING 2019
118,114,150,SPRING 2019
57,80,160,SPRING 2019
58,65,166A,SPRING 2019
149,150,170,SPRING 2019
187,170,171A,SPRING 2019
120,120,180,SPRING 2019
75,100,184,SPRING 2019
145,0,185E,SPRING 2019
109,144,200,SPRING 2019
41,100,201,SPRING 2019
14,30,205,SPRING 2019
16,45,208,SPRING 2019
0,10,208,SPRING 2019
17,50,214,SPRING 2019
36,100,220,SPRING 2019
0,0,231,SPRING 2019
16,50,233,SPRING 2019
75,85,242,SPRING 2019
37,60,243,SPRING 2019
18,60,250A,SPRING 2019
8,60,260,SPRING 2019
17,25,266A,SPRING 2019
187,170,270A,SPRING 2019
9,10,280D,SPRING 2019
5,10,280G,SPRING 2019
7,30,280J,SPRING 2019
10,10,280M,SPRING 2019
0,0,280M,SPRING 2019
4,10,280M,SPRING 2019
0,10,280M,SPRING 2019
9,10,280N,SPRING 2019
10,10,280N,SPRING 2019
15,19,280O,SPRING 2019
8,10,280P,SPRING 2019
4,10,280S,SPRING 2019
11,25,280S,SPRING 2019
0,10,280S,SPRING 2019
8,10,280V,SPRING 2019
5,10,280X,SPRING 2019
0,10,280Z,SPRING 2019
6,10,290K,SPRING 2019
8,50,290Q,SPRING 2019
37,40,290T,SPRING 2019
371,382,5J,WINTER 2016
110,133,5P,WINTER 2016
99,200,10,WINTER 2016
206,207,11,WINTER 2016
225,224,12A,WINTER 2016
193,200,12B,WINTER 2016
84,103,80L,WINTER 2016
141,142,101,WINTER 2016
195,224,102,WINTER 2016
13,30,107,WINTER 2016
0,0,107,WINTER 2016
93,103,109,WINTER 2016
78,76,111,WINTER 2016
113,0,112,WINTER 2016
47,0,116,WINTER 2016
176,179,121,WINTER 2016
0,0,129,WINTER 2016
70,76,140,WINTER 2016
43,60,142,WINTER 2016
75,76,180,WINTER 2016
52,50,182,WINTER 2016
112,114,183,WINTER 2016
45,50,185,WINTER 2016
22,60,201,WINTER 2016
42,59,203,WINTER 2016
8,18,210,WINTER 2016
14,32,221,WINTER 2016
43,0,242,WINTER 2016
7,20,278,WINTER 2016
8,20,280A,WINTER 2016
7,15,280S,WINTER 2016
7,10,280S,WINTER 2016
0,0,280Z,WINTER 2016
13,25,290C,WINTER 2016
7,15,290E,WINTER 2016
8,25,290S,WINTER 2016
373,382,5J,WINTER 2017
139,150,5P,WINTER 2017
111,250,10,WINTER 2017
209,380,11,WINTER 2017
360,360,12A,WINTER 2017
257,268,12B,WINTER 2017
308,330,101,WINTER 2017
178,172,102,WINTER 2017
25,30,107,WINTER 2017
8,10,107,WINTER 2017
130,144,109,WINTER 2017
115,100,111,WINTER 2017
104,120,111,WINTER 2017
68,55,116,WINTER 2017
53,55,128,WINTER 2017
178,0,130,WINTER 2017
1,0,130,WINTER 2017
13,50,132,WINTER 2017
6,50,132W,WINTER 2017
76,76,140,WINTER 2017
48,58,142,WINTER 2017
17,45,161,WINTER 2017
10,21,166B,WINTER 2017
117,120,180,WINTER 2017
109,100,183,WINTER 2017
58,0,185,WINTER 2017
45,50,201,WINTER 2017
56,0,203,WINTER 2017
12,25,221,WINTER 2017
0,0,223,WINTER 2017
18,25,245,WINTER 2017
46,55,250,WINTER 2017
0,5,250,WINTER 2017
56,55,263,WINTER 2017
10,21,272,WINTER 2017
18,45,278,WINTER 2017
8,10,280D,WINTER 2017
9,15,280M,WINTER 2017
9,15,280M,WINTER 2017
10,15,280S,WINTER 2017
9,15,280S,WINTER 2017
18,45,290C,WINTER 2017
6,25,290P,WINTER 2017
0,0,290S,WINTER 2017
355,350,5J,WINTER 2018
240,350,11,WINTER 2018
270,250,12A,WINTER 2018
273,225,12B,WINTER 2018
231,225,12B,WINTER 2018
202,207,101,WINTER 2018
73,207,101,WINTER 2018
261,270,102,WINTER 2018
89,120,109,WINTER 2018
121,120,111,WINTER 2018
34,120,111,WINTER 2018
227,250,112,WINTER 2018
92,110,115,WINTER 2018
108,100,116,WINTER 2018
97,130,119,WINTER 2018
66,80,122,WINTER 2018
64,80,128,WINTER 2018
148,180,130,WINTER 2018
90,80,140,WINTER 2018
120,120,180,WINTER 2018
170,170,183,WINTER 2018
35,35,185,WINTER 2018
28,60,201,WINTER 2018
21,0,218,WINTER 2018
43,50,263,WINTER 2018
14,25,278,WINTER 2018
9,15,280D,WINTER 2018
8,15,280L,WINTER 2018
7,15,280M,WINTER 2018
7,20,280S,WINTER 2018
15,25,290A,WINTER 2018
17,25,290C,WINTER 2018
7,25,290S,WINTER 2018
419,420,5J,WINTER 2019
216,240,5P,WINTER 2019
1,0,5P,WINTER 2019
191,155,12A,WINTER 2019
130,200,12B,WINTER 2019
251,231,12B,WINTER 2019
33,40,42A,WINTER 2019
214,220,101,WINTER 2019
86,220,101,WINTER 2019
200,200,102,WINTER 2019
25,25,107,WINTER 2019
0,0,107,WINTER 2019
102,120,109,WINTER 2019
122,120,111,WINTER 2019
1,0,111,WINTER 2019
221,250,112,WINTER 2019
67,65,116,WINTER 2019
68,65,116,WINTER 2019
35,0,116,WINTER 2019
37,50,118,WINTER 2019
80,120,122,WINTER 2019
112,120,130,WINTER 2019
20,40,132,WINTER 2019
8,40,132W,WINTER 2019
78,80,140,WINTER 2019
77,81,143,WINTER 2019
91,98,144,WINTER 2019
27,70,161,WINTER 2019
119,120,180,WINTER 2019
44,70,201,WINTER 2019
11,30,211,WINTER 2019
54,50,240,WINTER 2019
13,20,261,WINTER 2019
24,24,277,WINTER 2019
6,15,280D,WINTER 2019
5,10,280L,WINTER 2019
6,19,280O,WINTER 2019
5,15,280S,WINTER 2019
20,15,280Z,WINTER 2019
13,25,290K,WINTER 2019
